10000
36999
32006
83723
60921
9916
47654
7622
41680
25378
86919
19065
53558
867
90757
78052
9267
27788
1154
39746
5426
91077
81716
62829
34361
13479
24066
24613
71947
63551
34658
47705
49166
55394
52463
57779
17439
54773
38913
54939
12270
37710
99418
71759
86387
14189
87732
76590
1471
44184
50328
36057
83799
59144
54481
91440
15033
61019
55851
20982
17828
97260
78486
51578
12942
50935
10778
18316
27980
17015
80056
32877
71488
70478
19323
69075
87028
61190
24909
2998
99538
16612
51195
52186
31514
34517
98688
74737
33487
84336
83213
68790
40479
56530
92887
21768
40334
83311
53618
63808
2648
29895
41469
4605
51657
62094
21971
24478
90567
71757
85742
67959
28091
47887
56268
69702
94173
76403
20404
7415
70224
69928
42925
93154
5801
5449
82061
71476
56824
5712
59310
73106
42039
73882
92397
39914
52333
6948
75634
55128
81089
57562
78749
54211
2203
73395
20981
40602
40946
68541
68579
73798
50342
59308
8243
44807
28846
52626
48742
31674
92860
29677
21177
59013
88583
14743
48809
47047
60008
92814
21767
12805
72159
35271
21955
68991
8998
33949
12508
42814
28641
99599
50369
39184
81381
21045
56608
9472
65077
65504
76624
65853
87594
56362
32757
32543
31284
99219
98949
74873
90312
58524
92389
96071
72766
62013
99460
52633
81022
50716
41461
88984
94961
25055
87088
93130
63266
71773
29284
68115
60406
14129
86925
70588
10622
79752
37227
38531
61578
99836
4673
84465
48935
1902
44851
4534
54699
30756
72803
54738
95449
98697
25602
60098
63394
47641
19493
55820
4213
70740
76241
41334
53915
80578
92299
44674
61931
41457
40163
42436
30052
44596
87949
15230
45058
21653
79234
90802
50680
64500
69314
32360
74324
99480
65148
87651
18095
21922
93666
71512
40354
19155
53717
13614
6759
61039
97806
35214
54968
16943
79202
8756
49006
97507
69918
28427
45025
38120
18923
26737
68668
94478
54872
75546
54948
52487
96281
23924
65177
81526
58994
57615
37617
18907
97076
57828
60462
16700
65338
15217
11041
68313
7957
19515
43699
76688
13289
7074
66057
31555
20968
91770
29520
18950
61861
47976
22249
93028
13459
3837
7666
79825
7978
32107
86228
91507
3731
56441
90356
69159
76629
30491
94795
7270
6371
15383
57110
10251
35911
87553
14293
74686
97766
77476
9966
57781
1192
97245
81292
59495
3132
37542
87685
36270
231
42883
34231
98618
68065
35612
39469
60996
49418
13668
14352
36281
82748
83464
86663
43693
41741
19066
75285
71603
29545
48428
80787
83233
24627
99376
39006
58154
39540
87697
63217
84746
17162
86262
10868
76434
17268
35146
9780
37563
54609
58251
74482
33176
65424
85529
76523
91750
38677
33171
1741
48900
76854
5592
44874
21763
3821
86483
1526
80491
84148
86733
99225
90768
66463
43771
55849
80441
21408
39664
4903
40523
9600
37339
29300
38883
6089
60184
73517
4579
2450
93701
90857
78744
8400
19376
58776
46138
93983
44324
60980
25229
3358
32652
51215
46526
67129
41859
58903
93947
88722
22909
59586
43738
58855
64637
64025
21665
31085
21298
62171
59620
72014
26345
61671
85481
12352
33810
23814
59020
49196
52707
61243
35137
98773
3633
33685
71700
8166
82946
74975
56648
68750
46991
65894
12300
54553
86059
79717
21136
57407
58575
59862
91843
72297
99568
49998
35086
51556
11296
46734
4129
6151
38047
75522
98804
62655
87450
16377
46466
68398
89138
76065
68483
75010
30975
13678
11300
61017
93225
74174
40867
77682
66859
8529
80760
57380
69700
27439
25972
31180
22173
12877
71863
18902
29090
93502
7390
26204
45274
37374
90599
46600
19774
16156
77217
21424
27015
95509
65123
49268
8544
66380
58579
34821
57813
78048
53871
93148
15568
16809
44882
33379
68444
89137
50311
92511
51852
4699
71629
15524
86883
84925
98711
22865
73776
15120
31046
52008
26638
47638
67439
82939
43427
44300
94690
24578
69534
90303
30397
8261
57885
11942
44906
89880
25025
35419
6483
29021
86339
92778
72120
1676
80500
58742
85755
42429
43914
73592
89062
74267
11628
96118
26123
35435
4509
49971
97043
47104
9686
51380
36587
10294
17783
36585
98046
56667
11986
6894
23792
45414
31876
65232
74722
4088
19568
91018
18420
46177
43665
54647
97568
55985
41841
6506
21905
30750
30933
1087
32127
62034
70983
27130
86431
70900
64699
74914
51957
63873
32640
21237
87301
91091
7476
71246
24073
36298
89084
96485
56917
90684
52406
80667
86819
94308
27641
65344
79961
58045
6252
12597
36297
60144
90352
58389
4980
1060
39767
32879
91148
41974
90349
78076
67348
20610
18995
52735
2077
1355
70533
91397
39958
44294
28629
30599
88822
29032
29645
65023
64864
59018
65151
4554
18391
85994
75077
5257
49124
72891
98948
98692
1236
41155
46765
21719
2376
84640
7643
91080
25423
54216
24893
68602
26826
25388
28233
25413
89093
73599
90280
27507
85123
12573
88205
39057
46751
10778
14370
58039
31279
48359
13063
40327
16935
64143
66700
47298
11232
18829
86238
8430
70123
7938
31184
30328
49018
1432
96651
92650
93713
46131
14586
5555
22094
24560
47600
85843
40157
19759
17788
90870
40802
97348
48480
21960
18831
99379
79423
44720
74797
25572
79301
72585
79713
31962
85273
74431
54217
24918
73607
48703
21926
55650
74738
2433
87552
29464
32465
11732
93951
48295
4148
27871
18912
77415
68966
65508
66967
99885
44576
2735
75217
50698
2107
67506
22669
63617
53842
56332
22731
88546
48555
73182
55464
86306
5274
79906
48179
4012
87673
4985
82258
68493
65058
2947
12474
37482
30300
33565
26933
15100
74960
93249
26097
27108
94753
58113
62216
7519
14199
32536
31806
37715
69279
36344
81887
46402
20913
2068
43196
65470
83402
77324
74629
27902
6147
34956
68029
85499
36473
23534
95395
14174
52703
41633
79665
67894
55533
1272
43793
83673
51656
4533
76204
10661
94847
33519
51225
32505
31761
94103
50547
64479
32404
60113
52404
35645
11403
83709
77654
19175
46997
46719
54098
33836
56704
24818
92637
43958
61841
46687
34427
50458
22978
42838
23977
16397
3558
61859
34315
25263
1762
51871
39788
31791
89691
97104
71112
87533
10425
92270
35190
87581
2645
92969
50223
72943
24147
77950
8880
6433
11452
65742
11295
50095
60823
77368
10296
81687
16558
88073
43233
9084
37226
61872
97773
97238
9777
66474
41756
38252
17895
9525
23950
81791
33333
98855
87029
53903
21946
1960
53751
3829
72462
89668
90226
18305
22921
20478
10211
5789
58867
82581
41721
55690
79989
12953
23404
91984
38903
51765
88433
61565
69893
73514
56883
74452
56372
45887
29765
44597
78079
43535
40792
71362
93101
24288
47827
61436
35575
83326
40476
11917
86496
57561
77708
50612
76397
25028
44706
67663
5643
25745
73955
3685
89218
34021
33620
8968
67094
70115
41394
21705
75410
97173
58770
12112
40372
98540
30587
80060
94937
32996
23039
57968
16293
29347
65938
81862
41586
29015
41239
87261
96600
92148
22220
14690
6879
33001
95706
23076
10266
60620
97004
98048
71063
58112
80615
52487
88894
83770
49651
3209
72602
13478
92004
41916
99556
69070
65968
57791
21374
6081
52839
14601
44061
35993
83594
84267
7066
38125
36987
85635
77882
33214
38903
47484
62851
59723
96987
30888
92552
57232
70611
1474
98513
41510
68059
41945
41288
93720
71710
86442
25136
88180
22929
69709
11449
52997
90669
27323
32536
80050
2773
31920
89024
67264
70912
40005
85997
96227
25042
40559
67948
42986
41493
23324
64490
29921
58
91351
57519
85702
12347
89760
7261
64114
1706
78709
31283
96616
58767
29206
90384
21671
67646
6997
39157
65968
39604
34553
88403
44958
90820
66144
82268
10482
12061
4029
86339
91378
3612
38954
50969
58554
55983
38414
78306
30557
39515
90105
78015
55321
91851
88543
32997
12199
91208
68469
1117
15328
57377
19900
16831
68043
8029
78133
70155
25299
93586
52192
2435
96482
47295
68194
14329
14380
56291
86547
65488
59187
16591
39179
43695
18714
2936
3815
57604
94764
8092
53236
61945
28294
76244
18198
96154
47856
45429
64068
78813
23120
45557
37566
33082
97685
79778
60421
38782
6736
44881
64410
95294
59876
37082
83584
25956
48594
61588
23163
72898
41768
91201
39211
24500
61202
12236
98637
22881
28285
83758
45893
13207
65824
96858
29850
40359
3995
92893
61656
75836
50025
33544
4456
65414
25846
65616
94438
82725
8147
47449
96489
83458
43257
55962
11977
37319
61320
34131
31663
297
26207
69644
68292
75328
80317
58127
52771
33232
27433
58298
76897
1289
68698
89607
36393
71097
50002
45993
35258
28745
14310
40442
44159
6371
64109
48926
76837
36494
48077
39198
80005
14176
59851
97788
88917
61952
59845
4175
34129
35279
45499
57032
30972
55978
10961
96349
42392
43976
70851
29370
20150
5981
9169
65606
14199
65650
19327
59325
81471
81244
78934
76355
74208
66017
17968
60984
78229
28246
3821
56306
27830
56049
10668
70605
77492
24537
51438
2254
98473
35363
73294
31792
44241
132
27582
59568
16072
20456
70863
3541
13720
96798
18419
98929
63638
28303
55974
70757
32541
28648
11990
29098
40520
8750
19230
75975
73379
72527
95128
70439
11354
79064
57359
98021
79375
45014
47125
49425
67742
10616
13381
70992
42769
40296
70489
61358
47474
65193
65913
93397
97442
15407
97929
99863
42254
40994
84155
38853
93924
46891
18437
34361
23081
26107
42101
12052
20626
56289
63985
44681
92675
51927
37401
27809
36432
68910
19293
83165
55514
99272
59212
43170
86514
67490
92262
58192
74776
15405
14214
92059
71658
16124
16164
37774
53439
84123
95686
5508
89398
12572
95926
51808
86666
79805
77435
42497
25222
15835
85216
73166
40681
95603
14063
24550
38676
36909
48523
98160
87488
73937
79548
2613
52749
36699
7222
39171
27683
69226
77944
26521
61722
21344
29720
66678
60403
60934
16917
8483
41080
75544
54955
53967
53614
1792
1478
66295
37984
6645
81994
26023
7342
47725
64342
52914
65332
61248
58929
85271
14990
4385
6094
50738
71076
92702
63585
57404
10499
64767
14796
72104
45114
26021
12982
81703
2097
9674
68923
19368
62467
20798
93978
37106
43553
69096
76117
50608
9972
18145
84140
45182
82957
74811
93925
27887
53064
52265
41590
13844
72573
71719
45174
33121
90413
75412
65812
70946
40462
8795
51963
22854
4411
89608
47883
71858
7283
67242
44708
94565
82699
88833
61916
33704
46333
35832
29122
49324
90655
33570
88967
28892
60908
34094
23504
22074
92710
92920
25013
4965
71545
93260
39837
80906
38416
91183
21260
72783
45102
17237
24336
96823
95355
64378
81879
49371
60012
24098
58313
43123
2050
705
38691
6322
68419
95334
30604
31108
65375
90600
18604
13892
2843
54746
23772
48034
42311
12787
37914
75667
87710
16314
32427
17361
38423
31477
81829
11317
76124
11641
40678
6039
42532
77640
64189
32933
57575
23192
48965
93531
17975
39784
89827
4041
27946
33403
50799
34201
80248
59231
64817
74355
12447
12031
33572
2585
56345
7337
693
3386
59172
62367
88249
57861
27851
92657
7057
18773
88102
11637
85584
33624
78846
40994
7335
27550
37503
45591
67242
16159
27716
60294
31504
59613
51877
57131
75679
22659
43639
38218
60240
97652
71778
33327
41125
79339
84409
69221
15595
85889
41165
28755
45846
92307
1373
32539
24471
70260
89014
4050
24136
90762
40858
49491
63935
69437
93618
87976
62720
9866
47791
59962
81178
84599
21793
66225
65892
31248
66012
77533
5295
27166
26437
15492
10407
34291
72485
30443
34481
5868
47366
25344
38477
71716
75096
95463
95569
62459
14400
59175
95437
59117
86301
1824
24514
24767
5413
78229
53609
85538
96255
33954
92935
10106
80890
93916
84800
42961
44254
20127
58208
9307
24986
69048
91228
70290
17175
14386
776
18640
94280
71484
989
62900
78206
64620
33721
69893
45239
55509
81023
53514
7745
73916
48805
8549
93380
982
63845
87154
11033
88464
71645
66960
6137
5230
82680
55397
33223
93304
19957
11276
34407
72892
56409
26469
40396
61391
81632
71787
2024
76373
16458
78050
16445
3623
70859
84984
74464
78872
27437
5654
36912
40167
41430
29689
59836
96545
95409
1093
95842
47059
6892
61790
88378
70850
66840
27600
11991
10358
6645
40238
33882
60438
59221
97165
86047
94889
95140
17621
66027
80674
447
86626
96139
72937
83224
68031
67352
28424
70298
83755
70403
98819
55418
31478
39212
96033
64755
97006
63072
39514
52856
10840
6915
10838
14625
71924
94046
76565
70621
82401
80318
44337
74286
73935
98094
66091
4452
45888
42331
87328
26086
96026
79790
82423
32228
48332
45338
45920
68280
91447
99915
93271
41573
17117
50975
55670
12307
15565
12555
39439
11499
12100
44446
41572
54847
13982
32592
89378
45104
89684
55970
40344
32719
28485
566
14967
29510
34681
66694
73287
53407
15123
27931
94693
53521
21312
21091
70140
36058
20396
5536
58754
37531
48970
23668
35615
77781
18885
73379
48839
20746
9200
72833
36050
21543
11435
22122
21956
30096
40592
43933
65903
43934
81182
7660
87436
250
71972
6351
96683
35930
39910
45401
42920
77618
3035
78818
37400
74007
4210
40326
88431
17199
14041
42382
7097
34420
62099
13764
98281
38350
52454
12743
61220
89754
937
45116
85093
59522
41667
40550
73902
66913
11233
83397
19477
44786
47161
36869
23900
25089
18686
17694
25846
72674
49282
89286
2154
8438
36840
40878
95840
43017
57717
76155
66059
35739
81448
28986
13290
42836
83231
49482
29384
92213
54493
52300
66647
30635
81083
6755
72519
71271
16937
87580
7639
69313
2744
3025
77222
51969
40873
25579
7652
33894
75298
62720
69457
88376
11456
6380
85221
57884
41857
17675
55823
66363
83501
68571
16542
22136
11756
61483
70905
73168
23031
25402
97126
55474
12168
31830
95746
84122
55697
11028
14113
63783
99067
41779
28188
28042
41743
49159
36407
85761
91339
23700
17726
78953
69898
35850
16368
37057
33242
72143
36637
70090
72586
19559
88549
3745
46396
88020
57992
85640
21678
73385
52249
42211
59765
9693
80213
28565
83907
66894
26594
8316
75563
30181
38665
16961
75957
40314
9784
58002
49243
66941
70410
77820
29527
78118
54996
84248
11942
84823
60802
36137
97706
68699
18799
70508
34292
10017
28812
95574
69739
53176
69532
55626
67711
75271
41437
63149
41388
89334
31478
49090
93221
12160
32216
89354
34442
23992
8108
61534
66570
12371
69729
35094
17604
79156
82033
29387
69190
80346
99318
28159
44926
87323
69675
36651
23461
21404
1315
12330
55345
34224
61148
73160
98421
19159
20468
10882
29224
29836
21229
26615
72611
44887
18230
88121
40123
98065
41455
38976
83098
84995
55438
12678
39020
58922
84741
81297
36647
9835
195
99435
79434
92932
55578
49583
47568
45388
31146
83358
62742
93934
61984
36154
78224
61868
83698
80224
37762
41880
79434
39698
33888
68169
49513
27214
27311
80313
31119
7740
54747
22058
40252
17046
89189
94024
50921
20021
49925
87905
51979
38324
24345
9761
31083
81922
79879
6501
76198
740
8446
3774
42185
85265
23615
26642
27044
57839
89789
43003
6314
250
20555
36726
6510
27398
84064
10538
94346
63052
84913
18940
3007
60144
22637
89340
95388
8781
61415
5915
44060
10322
88815
32967
75319
32357
2371
41692
52989
51102
76328
95689
39829
44149
26177
49700
72412
21006
94002
71405
19260
84099
26639
6767
89286
30790
63843
21687
79641
63025
10529
92722
74094
50854
23821
26374
52308
91635
45793
36676
46532
37396
56345
83941
59787
70139
8434
27203
94329
73044
57376
76467
41967
10005
36426
4829
45457
84173
22896
29536
13143
40190
87534
75239
9446
53142
1603
61477
78106
99856
36163
73187
25980
82153
65539
84292
22064
5845
82656
26195
58493
277
82365
48864
7541
81011
39191
45920
53374
30283
8289
83582
78629
20093
6556
57374
98751
92416
40933
71656
25853
44378
56064
41639
68370
57860
90872
30260
39481
61918
81549
27301
36696
31102
81553
67111
83919
41357
89033
14858
88031
38992
35225
32120
43942
2656
39206
5462
58726
28701
36123
17440
5131
74148
88876
81809
9657
64963
97477
19138
97518
63037
22609
34375
25924
8176
41183
96495
70907
27276
46272
74891
43516
80463
49316
71205
84894
1707
35294
45418
65778
50792
10910
282
34471
47583
2567
16312
66242
38640
1742
84658
78587
23608
19800
36120
33861
9008
64244
89012
5305
11270
140
71782
59596
7258
71416
14869
14037
47458
91436
93741
88452
93238
37348
3594
75248
1507
88229
37950
91961
89618
89837
26476
84395
39763
37646
27073
85287
20091
27293
78532
19588
86090
92586
7397
18692
85804
85359
756
49124
33497
75064
19923
73022
49882
58420
21297
10413
82130
6633
84574
26695
9922
58564
59770
53575
2108
32152
99719
39765
79615
21759
89686
51230
82364
6403
2981
56786
42731
82412
25810
31918
85108
68729
58130
33715
57577
7001
11731
33263
80929
89244
24219
22501
28118
10964
74008
88091
48204
20905
55591
59450
87807
77327
15578
11737
25023
11559
25081
33515
94754
91249
64635
42513
39157
83021
50899
45657
10900
20695
83742
55244
3592
66038
7393
49208
75226
45579
32541
4881
72720
31844
43684
48224
54538
73579
59051
7826
57137
84053
50016
21420
40037
77111
50022
99806
61522
29848
60550
18951
39175
55641
62666
56523
45270
86213
36378
29782
47924
89583
94803
62596
11794
71273
39030
96902
65057
91360
47904
1778
98144
33300
40490
9296
30947
79395
72265
16279
45053
53933
61985
63848
26318
97962
55597
28960
37604
70391
53950
25355
64296
5016
14340
8607
76892
64670
78658
52008
19474
29127
30856
12996
72762
55654
6911
78491
39507
50846
68433
11670
92315
79160
47646
86386
81072
64185
18848
51850
75952
10276
86455
66009
29135
39245
11025
89684
55620
37712
36939
81697
4946
81612
46726
59724
34715
77319
43001
89657
69005
56634
8110
71388
7896
67677
6491
46906
39254
26528
27041
16136
77761
50241
84629
99471
59847
4617
25468
57254
41363
27564
21578
69695
34156
67233
52465
47723
30028
37316
36932
87779
25531
42948
55934
95039
44678
53800
69727
69562
91290
71407
96586
6097
72025
52289
88183
20331
91366
5600
62215
9450
2574
88749
86875
75897
98002
65777
98882
44848
82723
12729
91527
49116
82947
73055
40975
13105
44666
76826
77019
97507
44475
68487
30166
58439
41521
58530
3919
53755
21085
84289
53748
23710
64985
74491
43797
16474
74318
62440
24471
9967
10777
81523
26771
32818
76726
72860
53375
60248
45948
3324
47930
54518
68862
48366
98363
15248
41209
31929
36980
22114
61526
30056
53248
88654
28029
51220
1863
81597
69406
18684
34112
95844
41793
6034
11845
54031
65049
25775
35771
39051
37536
58222
89798
24028
33316
92568
41284
90574
43940
94488
78146
36208
44249
72602
98180
87601
43349
67427
92357
17702
21627
73585
66041
53536
75156
91727
90603
21202
29569
1107
74454
94099
26999
18347
25958
68892
19648
43275
38702
83004
71467
74208
36037
38971
61876
6548
73820
84911
29197
99853
88391
50230
6452
67315
84795
61777
11814
41305
75867
30550
13016
45667
82922
7902
71934
13247
65703
45108
52538
13714
26335
35235
68781
86417
36579
6154
41507
28342
13773
77643
64131
93451
45836
49186
39620
60999
14962
27005
63647
76390
48427
90241
60304
69004
66491
82501
99966
22032
71420
22022
30898
51513
74325
52582
39596
16856
96105
72908
22198
96682
58078
44270
18070
58891
14102
41008
81493
55052
74853
52120
66958
78945
72478
1768
45647
4623
29640
7836
37768
75270
62309
12508
72046
72430
65544
56706
9722
77066
16043
91817
13062
45164
15340
77294
50420
58482
76972
29245
63879
90962
94984
11344
48498
59402
11055
31481
70537
90067
74756
10873
36140
84107
38439
6203
81508
51952
13695
98122
63714
341
85509
63633
637
7716
87444
8354
25561
93721
82656
94331
972
31451
20774
22472
54485
24297
99632
52417
94557
72603
66277
40629
81878
6568
95746
82062
22318
30090
31807
66017
94651
53078
15482
71529
86922
97826
71809
70397
7019
74809
28603
17666
22986
57870
50366
68554
16727
1454
52546
37212
74657
73628
84879
69986
59708
64145
21839
21030
11676
74875
77580
7162
61066
55819
92870
85817
90797
17794
40598
3662
5572
4179
76392
29489
99711
95522
69346
47274
45405
20681
36570
86791
88262
32267
47206
63118
82456
33320
82515
45306
83763
4784
66736
44490
58202
7478
61988
29900
974
57235
32141
22683
64451
88827
44167
33299
21775
4377
75309
64998
35099
36950
62022
7374
18492
83336
55749
85073
53997
18325
80057
2808
5629
79343
27183
98783
25364
12259
90821
61419
87261
8372
87970
68616
28448
23025
24830
33601
39826
31120
41621
17840
48965
60517
50893
36468
98349
27124
39396
86787
34886
38468
44994
58732
69962
83449
64978
38116
7838
34334
49022
84660
21554
21566
71302
59444
76360
19789
84491
61456
46574
37207
79059
871
92510
34863
84601
59316
33267
7225
68875
11356
74104
51632
64408
81449
92958
34159
42674
8039
96519
80829
35622
36940
77763
32162
79033
17297
40665
71536
37149
61196
27068
5663
20516
45769
14127
67099
42943
27137
5461
23978
50142
16745
89821
44740
94983
64124
11695
76542
2402
51387
6715
73452
17958
29613
21085
16064
87253
48965
74771
4536
93969
93620
38636
52705
27002
68983
75577
2460
55975
77294
57319
39989
6861
9873
12845
98572
40271
2811
21417
58794
47043
62348
78004
8558
24344
44488
1784
47704
50811
18749
42803
92691
82898
28817
19702
99483
97063
96696
74760
33851
77412
12288
1936
68678
74893
10296
54617
59499
76921
90696
78260
79016
80953
45855
49499
9284
89489
26155
21166
8503
26269
36882
28169
39980
29452
44715
98283
93651
13432
26392
18659
3293
66597
90800
31459
30158
42026
64743
81479
60350
95176
47874
85105
83377
44742
88095
68814
10290
78091
26622
34399
84356
58099
49411
43984
42045
14838
43524
37478
41036
19798
68342
77754
36777
50847
68925
73937
49878
14026
50046
94347
99316
87347
32923
48550
51097
9236
7374
25364
58842
63443
2821
19443
191
40605
91848
92251
21406
40087
87941
89869
97251
3292
30589
28842
19122
34108
82580
66042
15382
63887
71977
35742
5840
62619
31755
30170
54600
99398
8076
71756
16779
25169
34952
599
891
10196
25355
35735
65679
79202
29879
17528
108
83647
61152
39478
33640
68453
25436
95104
14003
64679
912
74068
76094
27533
86810
52049
32433
58799
9698
83902
82010
75915
36978
63979
91107
86659
89153
48274
84910
50280
39078
37156
78933
91519
15376
26183
67847
85772
88566
89724
51200
94300
78477
57704
57298
69127
25719
32109
93518
94239
78054
54497
93657
54577
51421
4678
91383
66675
38970
20491
5075
75825
59746
16105
23844
55916
9766
55074
62705
29224
46736
39822
50594
7718
92560
37839
18076
84891
54212
36229
47016
7239
7349
91048
15813
21222
27950
99592
77531
26921
54475
85860
60581
13480
34805
15750
18038
86245
63427
43032
63234
38807
14132
12837
73236
95299
4195
67548
8002
30726
39353
8681
54226
81710
91680
38900
19337
75963
20045
9827
13102
16269
43407
59659
85094
13878
94205
56890
98311
74797
7133
99111
72634
64541
5424
96770
94060
10444
68957
86271
69716
84334
33632
74150
84588
35798
61699
24454
51737
73821
93015
78561
9087
23188
19797
20937
86622
87532
70076
73580
51112
80279
12555
80619
69590
14602
18705
98966
49514
43604
31953
62042
77254
17476
39211
67216
96730
76151
49279
44601
15329
65704
61277
12867
97974
55214
52028
70833
6765
1463
39711
47419
55084
71168
44177
93548
26870
22999
72229
81574
40849
43234
53608
93521
2640
77683
49860
50569
34291
36339
85316
35635
40084
96988
70568
85191
99719
39824
65866
16370
93460
28133
42638
19210
75416
64387
33945
858
44270
84826
10180
11986
18467
3865
86700
47535
4686
55394
8028
71664
51068
70890
97197
97898
53621
47842
41772
74912
80812
92724
61711
10654
72727
29474
60440
97636
8419
92537
14293
50856
56413
50340
35039
28895
83314
64465
16890
6867
53358
98284
51760
8464
91579
59512
61882
66554
22218
66649
31620
11860
64453
95347
57038
14290
61421
36584
87362
13912
68625
18255
60406
78493
18095
22756
30021
15657
61023
28695
20804
88338
62324
91283
28383
55904
40976
67484
44990
40847
74945
91354
75135
79856
44740
87376
74830
19043
89801
49926
53263
87132
46374
6511
46184
73600
80431
94055
22991
88670
12526
27026
55163
48763
16921
41449
73333
42760
35634
56709
52824
46610
28395
13323
24407
19104
93089
40814
21094
76611
7820
24812
45094
69189
94480
98894
75047
90563
78391
61141
61768
75403
43601
79507
77851
74380
32184
80068
74322
83425
59903
54028
29873
772
41675
34255
88867
17114
92635
21467
96071
64699
43603
92921
39750
49040
91091
48603
78183
51538
14839
63129
12592
91553
76443
33132
87129
34916
34428
54609
93329
97803
86586
69748
5661
80123
70661
86949
73863
36767
49785
81425
13569
53383
69144
91685
94174
91432
89856
4989
61842
70586
24286
40864
10926
15033
57431
96178
9924
25374
24159
62055
39373
58859
28643
26325
38291
375
67797
85927
57762
21418
56365
19699
28177
45509
17369
13093
99522
8319
94742
9760
93914
88557
52466
26956
10834
99434
92226
2893
27497
13730
94216
75787
47326
50899
27242
31992
66512
45360
26850
67513
57302
96066
3178
32280
29326
74040
29622
26623
94157
43823
8145
86410
26293
69922
23744
21210
7270
36270
83632
39509
35240
88167
88731
39398
43078
64562
17360
15519
2023
45929
97028
89775
11049
56785
97310
80531
49950
47902
61963
10253
71224
31065
46885
10772
97724
75009
92961
34856
74134
17055
68214
90141
93806
57531
48363
8814
14218
44343
34803
91208
22010
92261
85616
35507
17607
28356
32670
20946
89238
2265
62518
82377
1236
67338
63102
3840
59899
50967
37623
36280
98279
43683
35701
79714
28401
48137
66333
63121
16227
29287
60866
81034
4706
23052
42310
45806
28605
4747
69774
82990
67606
4756
12323
17392
83071
25514
50994
72221
68197
38084
24994
11844
41077
63417
65208
71399
79121
31380
49137
48125
70720
41921
46427
67617
22149
79865
82266
5038
3077
28782
56814
76091
61267
84421
16124
35142
14471
76187
7972
77344
51557
69921
63096
68817
75377
10196
95786
8617
58567
15140
65643
447
26162
75161
68018
62301
5962
19902
38885
7706
40661
16899
76893
66931
16756
37106
64340
62351
39582
29328
99965
80756
29137
39622
43462
12920
81006
99020
24561
47647
81148
16618
29422
17490
67095
84602
6602
3608
51784
11711
95765
9328
82096
33035
92649
94122
36054
28237
70628
95640
86161
71263
10332
45704
17510
96406
38713
64284
95345
69419
62303
1933
32732
52849
71925
10150
93620
98344
8384
48655
39420
99436
93821
95460
98931
41283
12189
9832
61251
16111
32538
76244
80643
83687
63439
71144
38743
65474
71092
23957
17032
88157
95135
23112
75179
97173
50980
89188
62009
16273
35043
85508
14435
11919
25044
36785
41872
38177
59104
47809
17785
88082
25701
50490
17343
14251
30281
3941
35705
16996
38648
6762
63550
90456
10652
93153
92191
33807
91027
21079
81142
20428
59085
21697
28723
53100
4041
39740
17394
83391
56456
67422
71225
25284
84868
13750
75683
78197
35461
62315
71578
67259
11958
39980
37584
79528
6818
9194
29160
23076
8464
19760
36639
91467
34836
8416
30911
67163
37471
54330
16125
67229
72436
35787
12030
28834
23124
68532
81626
33167
66179
2194
80455
98851
83215
28298
86566
56111
2184
20640
32771
64397
32488
49155
10528
45657
13307
91137
11927
74222
51711
28716
84218
30543
25094
91941
73064
34324
4841
71506
57137
17613
16480
81289
17534
37271
4954
11663
15150
11877
99740
24713
71316
67411
62130
51265
59308
5299
41785
51376
8639
6175
75298
98641
96297
82293
70822
23547
2136
91714
73924
57681
11801
82969
56751
78732
48905
19213
64807
82646
8017
48092
13770
2257
81216
58562
58804
12303
72527
9541
66915
71065
16651
25615
71246
15019
34243
50599
83550
14437
31802
48536
71321
51336
35913
12108
98737
47188
71638
78253
97598
75719
94068
68318
31562
86447
19409
52501
27140
35705
12913
17770
49777
71781
27476
47220
73182
39064
13781
38200
50288
26223
50208
56385
75034
4096
32708
49196
51744
81997
31831
6979
65458
62800
93583
44823
54419
4768
64636
74606
58702
32227
4277
24330
89054
53212
85310
58650
54646
27345
73661
75016
38132
88468
87705
41170
96618
41694
51644
87247
31155
3617
47331
62116
35743
11959
94479
61928
76619
92488
60237
81634
23496
76704
49443
10290
63620
61403
74217
63818
2359
29372
49744
87769
31665
89150
95964
97996
44331
97423
31023
99584
84674
8753
69946
37041
22886
6169
65056
76387
24869
71914
11642
426
83230
58169
86477
38183
17332
85471
40567
57049
99138
7172
29130
77818
84417
95175
36988
20912
3706
97627
90930
72096
75472
72211
4440
30610
16979
10774
97665
77063
32396
27892
78176
201
44263
2801
26293
3829
34772
18297
57731
48849
12389
12119
41670
40668
68161
3847
70630
78965
20692
4128
20060
86234
15306
69003
90712
48436
91808
11549
66635
29168
99022
62563
62504
25753
78665
95211
98344
43351
64112
76930
63205
47073
7636
1310
14935
82126
21865
98244
7329
34471
50405
97026
77884
30203
59793
59042
45454
25623
42735
72240
9426
96465
85906
64940
23399
3842
87245
46774
71031
1552
34432
59482
6869
22604
5846
93731
23558
34087
37706
12167
62096
13711
65438
92893
39511
22515
97340
63046
55551
14630
85060
56590
28323
13584
44418
51143
51891
7889
26960
21278
94517
91789
83955
66269
15730
5185
69829
209
22486
43077
42280
7961
53022
2367
40699
16891
7552
43985
22977
7186
86405
53550
22705
35863
82921
3196
64492
7087
99881
25008
46138
21210
67113
31115
99832
57022
64698
38448
15341
70409
7885
98677
5417
59184
68475
20600
49173
85351
75073
48771
21207
67937
59753
14671
2620
36147
49438
83402
19598
86011
9379
79240
38135
72186
12995
23863
11189
53678
289
26265
69876
78391
27400
74323
96920
27365
73786
32268
21514
87633
84714
29710
11422
91149
49370
61453
82142
71437
91627
88021
77258
17811
40006
43716
28839
81027
7605
96307
92739
37448
60366
28435
95628
65603
69415
32269
18434
95437
39535
17524
28515
20652
42403
75716
16718
38167
81520
7721
98259
33798
60597
77666
62586
71875
71204
90464
90573
82343
35496
80551
2838
37923
57524
10831
16903
83350
33094
92129
57305
21048
88068
45749
67347
93531
98974
65248
22132
85451
40392
644
84864
21463
28411
11001
27239
80518
64713
2839
70770
20672
60478
56283
85076
76731
50045
66835
93161
22846
96831
92037
75558
77098
71099
36415
80825
19203
20931
39474
589
28573
67812
48873
55709
79225
1327
84514
44645
90300
14109
23189
21960
25930
80502
5611
47791
21238
53153
13165
29010
10580
41118
12370
27737
27155
42660
37518
75367
78007
3872
17718
35610
33544
29677
56781
78304
32810
87725
60911
72037
58395
95430
61787
96708
14011
20441
14622
16690
76710
7946
56066
87096
36338
95225
98015
3333
36958
3845
25381
62185
44470
15296
77314
49161
56784
72250
19871
82083
76016
36245
9678
41870
52053
61268
77916
3499
71696
9320
65487
20626
4369
38153
84798
65724
4181
69009
43858
59405
96145
90111
65648
29458
35792
21271
82588
80033
36860
67707
95330
722
80724
77854
74494
99868
72754
44556
1597
97743
55664
46681
70633
95369
79457
80911
18273
63698
77494
13474
1089
38218
84942
75531
62132
29105
670
37697
3325
35122
37911
59238
4250
63913
92860
98088
84875
95715
1526
23368
56263
94569
45277
9007
53306
63581
35806
3626
17929
83543
62859
80125
29786
39177
94741
65499
98504
39990
70704
79062
50523
2414
19443
92145
95684
5649
71901
65206
44868
79749
59720
91115
42897
68630
22271
31524
56608
87255
70608
55834
88242
74512
72494
77863
14887
55042
64027
67164
59204
50407
45170
33605
37792
44482
5285
62582
59830
45258
96301
86765
4500
84050
22510
43376
33262
86231
13381
68218
41955
45045
38292
80931
58961
65134
35005
67743
54678
29280
26603
44667
89271
16232
81711
39483
10396
48630
1682
88363
38560
78840
12568
56300
7755
86032
30640
72432
93680
76946
50844
4638
37141
43193
96059
67628
70400
19847
14424
31835
34384
17203
16899
48749
90109
14400
29843
27782
88371
47900
72502
70051
22331
72371
59141
70056
71529
25434
13044
22226
40014
72990
87622
25660
29021
67843
54686
16744
95520
30636
21918
41077
64210
86117
53859
64952
38601
97776
65504
89412
6098
35933
74621
77669
99501
51154
59590
93538
25117
41071
60890
9387
94495
98861
12839
14524
51765
37065
52172
75991
30361
45106
68940
55747
31787
63680
77243
45344
71644
5218
70406
25239
1406
22746
77149
67287
91589
2176
4152
83505
18956
50342
71738
19711
52593
80989
1370
41770
62509
27847
54128
38713
7694
77154
44669
19929
70778
1158
62442
19821
22223
61311
51836
2406
58755
24001
99617
67056
79179
83514
15727
39482
2456
96394
9374
94975
63352
8042
50896
51176
13073
35287
93348
57881
85825
91068
33952
60398
2326
34978
86834
89402
4263
33141
11875
43807
94044
42447
45921
28888
25847
12328
67387
13093
11453
18671
24426
79971
67763
27033
87716
39368
779
76496
14368
93700
95677
46597
35833
47609
17701
7289
62831
8117
48337
59110
33869
73172
22006
89579
61911
30729
52695
97419
3590
91195
41723
37438
57610
98619
84605
70760
90869
94945
81850
19670
49790
31516
67383
93675
99420
68810
87868
66365
54243
39036
49665
25056
68495
81041
2112
70950
78038
96358
30932
55697
94087
56992
79097
81296
6209
80701
27044
53693
22942
56412
83161
53375
35699
38585
64429
79437
42951
56888
53266
31540
21844
72106
82576
22457
28764
62357
32647
37152
14802
32559
64379
13436
2529
13874
96218
42202
84617
84625
17468
75352
26928
49274
74330
825
46493
8296
14358
68902
40300
91108
40255
63
12014
56841
33719
63831
80496
97857
12665
48037
32403
79625
57363
85925
48906
25250
63478
290
20401
57142
17465
77325
72076
19711
72457
72750
14751
25943
58026
68849
368
59910
76929
36076
72227
5527
12369
4387
13242
98434
99259
85680
76850
96682
42511
10849
12968
93031
8885
46950
65856
40864
44219
87687
50410
82655
12430
47376
10811
95590
83971
78158
33751
92847
42337
14634
89244
17327
44371
14384
95657
58745
51921
48139
63577
82798
23609
696
4585
35416
4909
68863
6831
63176
17560
36643
80477
7523
2452
8500
53223
50934
78501
8727
59768
40084
67367
2073
64099
74044
73081
70810
58053
79570
20696
41071
36966
25318
73061
70947
3323
88954
60032
60406
30148
72483
96436
6151
23530
8844
37668
86112
93315
70912
59476
89918
28185
36872
86341
3588
76351
94093
96030
57635
14479
15758
11925
18167
1854
48545
3397
10199
30434
21699
3358
5145
75673
18512
92853
22121
79945
89040
2963
86147
77483
96761
42285
88279
63930
54190
1978
59171
58960
63339
65855
36818
82493
17531
45624
37824
90352
606
11713
87252
52993
58646
19350
30844
78105
96825
13989
12616
11536
25337
58857
96117
55784
65995
90383
25356
65685
87170
7544
43267
79620
82624
60419
95353
97855
24174
68909
13357
30383
80483
79187
75315
21494
75465
8158
96207
11101
34453
79111
71074
29736
64273
10535
73327
832
76915
19621
42355
15034
33714
97833
433
30322
25992
3902
23810
36678
6259
21300
22134
42385
26769
80814
73193
86618
41381
59238
8786
8506
11367
81153
89399
78520
22702
80598
83155
9384
99830
19175
94906
17606
3749
63918
82874
3023
7467
19247
39298
59341
95882
71023
84375
15391
67107
75529
68133
84031
87712
46917
79844
15418
94543
40296
26647
54403
62834
78590
23663
63540
13805
43899
66975
23920
94922
33668
44031
37871
75389
38275
3939
42832
31708
77556
66625
6467
17428
15173
28533
77327
89418
35568
56391
4723
68040
39880
76556
24729
50486
96259
34796
10876
22336
8300
9208
69404
63070
2238
91386
35408
85182
4065
54454
96733
77676
26285
31517
98971
57099
27504
63995
71984
40710
80142
49883
60245
30268
52170
71122
51226
54412
57879
55181
74790
16477
46095
3222
66109
3029
93119
86407
31640
9186
19128
3624
75622
6476
85391
64137
82899
75948
35581
1242
83131
48811
96136
93245
39574
55663
56514
70660
25685
4620
62326
29219
60816
29054
19669
72377
4907
8981
98312
17269
71907
47710
57631
67563
4926
42036
86647
4166
73723
28536
61569
79031
52062
77374
17265
35524
26070
17395
28798
85489
73116
77800
86437
11053
96683
22402
66100
65656
79927
25801
72485
91631
9296
67657
28889
94512
6950
16647
23397
91517
30941
42542
58566
53075
18222
7974
64321
35266
36899
19583
28578
91268
89033
82483
2385
53752
83792
51196
28707
62385
58643
26160
74187
92237
1869
58254
4197
6745
76667
55335
31365
46466
7524
10251
75253
4585
74256
15547
58607
1026
2835
45890
85018
44380
69771
11978
62846
67853
94147
44512
64657
58866
14445
90580
16171
77739
35531
38228
77051
29603
53089
58160
31922
22712
18311
69054
74116
53596
32121
36462
59070
79924
77655
35929
54791
8519
16706
7688
36327
32495
2477
6551
18765
61600
15802
31480
11625
9545
66721
16345
51717
34543
46172
93885
74711
69587
47929
73899
42003
37239
4120
15041
4065
4952
87645
23915
30236
35910
55355
51315
97285
54685
95876
34215
49667
65379
41619
55503
34316
99690
59807
51075
18643
68845
13538
57849
47554
30948
50462
39235
32884
55793
92371
10765
11154
96576
84515
5295
72418
54651
82342
28404
36131
91810
17208
32175
2578
82381
93125
47109
52232
16399
30165
98628
13511
58143
89359
98824
22365
17972
58493
42550
16714
8248
83485
17326
24474
67734
38415
48774
10623
62964
31674
79309
85880
85976
22770
25868
98393
78139
92451
1413
34557
68031
43145
50653
26960
22236
64918
12613
47650
80351
28710
54279
65272
20993
396
22587
35447
76662
56100
59047
11354
10883
81410
47385
20377
36767
38748
21947
56803
6895
7164
51583
72455
58192
14896
27646
36423
35333
73525
4327
98048
77298
81829
89207
11454
70709
4369
39235
37992
72762
65583
97003
35447
66574
36877
67055
68510
95691
95966
98238
3634
27027
84045
75725
57758
70802
6347
1952
24297
72123
45981
3118
78039
71210
54523
96290
489
77904
54890
10365
65449
89043
76610
79821
22065
89437
32737
13854
75333
69326
49967
4233
83156
87957
13752
37672
26766
47470
91905
95186
29307
61207
27780
91050
33565
38743
15592
74618
92591
60716
35013
69791
67852
94567
83486
12608
6193
89860
65980
40362
57132
19480
96080
8176
22768
52870
19462
90616
41880
67885
92678
87410
58879
78147
74794
85408
12399
74610
82333
80252
4340
28273
35140
47044
56526
41253
13613
76263
67104
48074
47159
59097
67346
99938
71459
25169
77900
24128
70220
26787
43636
38298
24287
83588
94540
59712
94162
3420
59183
661
39105
83045
75939
24339
33371
36033
81739
45154
40678
58280
31307
10275
62312
93400
74465
28529
24575
37383
65247
46637
72379
27881
69514
39687
64096
8217
80262
69780
49760
46754
94052
60716
93804
23960
92717
52021
97667
97318
6206
75758
27435
95888
51006
68028
71026
86799
92954
94933
81391
20245
84979
62379
63857
25764
64620
23910
36196
73262
85350
65365
96974
29226
92217
65675
62165
94126
40664
42074
15336
49660
49123
4762
66454
38754
16422
68322
82574
41412
94818
82166
89806
2801
59764
84269
69355
1144
1245
31878
90772
25824
84244
87035
93492
23729
47330
79291
70366
31372
87434
86525
76147
77644
56318
82242
11775
36401
29363
97118
30581
80704
41430
65119
79144
26522
78713
32917
72574
76235
95125
73634
51886
44744
36413
5829
15278
73037
55418
95900
29410
98422
65538
1414
97860
81142
16454
13333
83710
28830
78648
27229
23055
70551
36832
5583
24644
33915
25054
34192
8753
19737
98995
54337
91089
35698
85898
56330
49816
85100
47698
83267
84088
43991
23106
54539
20131
739
91658
55579
61454
21229
72295
7607
17394
40679
16291
84674
67010
77212
65062
48167
70946
80079
9419
88701
13324
52337
21537
63512
32152
25291
22234
26298
89916
51310
27619
77955
1857
81867
97216
97363
97343
31039
99788
36094
15207
80672
68068
56759
74243
30489
22787
19751
67634
13758
7740
77801
46346
34932
3137
22125
42751
20918
53089
79242
5282
81995
19301
41689
48759
81315
31301
94830
20475
4571
61548
54568
15774
25645
14182
77458
96675
5374
33906
57893
81046
75850
89444
44955
44079
57392
13437
94981
24528
27161
3223
50570
1163
94440
44155
3720
98798
87205
58879
9665
33544
51947
45852
20081
643
59470
35818
70233
31146
55302
67421
28288
1997
62950
90911
25189
46299
10756
94368
48629
86937
39984
11557
24171
98719
38927
17448
37111
71770
36781
27487
2353
24831
77157
8431
67819
43974
48004
91209
37533
3549
48329
56597
96155
48969
12904
86426
82832
22581
90360
19055
75580
6164
3504
45668
48809
58961
25464
54992
25627
65165
82315
10169
95014
36098
20153
50832
86007
9464
67058
24674
98366
20514
30373
75414
928
50870
88225
69894
37517
38802
52696
72670
97828
68422
64475
69673
43696
10715
75969
99169
62924
4628
34211
93054
4879
65436
16843
39066
26566
15818
43584
71758
15856
16669
79257
43465
77220
26200
47602
94113
128
53072
55165
21355
63439
60030
280
25359
3099
88652
97522
80160
56340
25304
55453
73552
22867
34976
31964
64463
1821
9649
26943
39653
57796
91234
1651
97866
36089
63265
23265
16554
56272
44432
8000
50658
94593
40359
50023
85612
91433
53229
7643
74855
32728
67384
66247
53281
78423
98488
17953
50226
20647
10467
14602
94878
3294
82388
38825
38377
21934
73806
8263
60197
78104
68140
88092
69357
69846
27229
41092
36003
68350
48166
11438
69010
97090
67090
84067
33393
68770
406
48915
36995
38888
20286
36863
91643
50505
84611
75240
73105
44799
46637
14110
824
83702
51585
21701
64447
2584
55697
84091
22421
5752
21200
57991
52314
46124
99168
67438
705
57548
70648
17339
71279
11703
31603
69615
3297
86985
63109
8957
2119
22141
90256
2497
23942
20685
58409
85339
40850
45399
98086
90917
87630
113
39495
96045
8185
19222
1166
57920
5367
24141
45893
56070
17117
70689
40114
30767
39702
5495
85629
11345
84597
80738
76897
44783
8377
18061
92467
16929
2086
91654
80673
6436
45069
18777
16493
51947
73929
59837
42622
63532
50966
55306
52685
32311
57448
73460
73211
54091
54249
36930
17111
72542
55469
49624
7361
5478
45811
36419
36089
27638
555
22804
45906
79991
51528
69997
56205
39243
5008
21456
58461
9150
34992
86685
78149
54018
93199
26230
48309
57911
29481
75544
96391
8650
23768
3343
4275
11272
55249
36447
38731
46271
38485
75515
63587
49042
97112
24168
22623
3816
80075
86059
9702
59883
66234
46125
46870
97128
72033
42801
15166
30159
80422
19123
78534
66177
79924
30835
13171
24286
23250
54731
94507
63381
79906
64152
14824
83605
56696
33901
61086
87656
83881
27942
54047
60353
62112
80617
56066
52354
22912
78062
1234
70219
33430
51803
65673
43788
20619
84173
17049
14726
13903
29780
54566
21766
68734
84859
20408
53793
79927
63602
95228
22448
78197
18093
83587
72400
953
64740
81213
21916
34339
33760
37320
50025
94016
8576
69058
72623
53075
26448
97858
88723
1717
22745
29987
50874
15490
35161
92456
53253
84627
10018
10937
64495
65713
49166
27978
40645
7391
43361
87306
13195
130
48057
28782
23634
45067
2442
67834
2615
65825
80563
3303
25184
88167
36124
70727
90415
2112
69904
75013
82521
23894
67976
92479
77468
50220
2245
13007
27381
81436
34624
18690
81095
42180
83872
94937
58923
32967
57763
78221
22398
81736
94878
48854
76425
16489
82921
12014
25602
58761
36678
54283
36377
17565
28505
97155
22936
83561
43614
10319
4075
89608
25258
95432
56927
85223
80659
88533
23001
71872
2697
2407
2917
19416
93282
64703
62524
62767
32
96916
68608
94461
54536
733
22462
88971
94624
61649
84472
33377
85701
75573
4950
4025
77444
36070
96271
13536
25275
8617
21808
94507
28034
49267
49143
786
53847
37403
94648
76694
61780
79546
69896
68347
46032
99522
83684
70621
10334
42097
67390
66795
44964
91297
69061
7291
693
97080
88802
16554
72521
72718
50910
8809
10055
47935
27460
43405
36686
91237
98893
19878
60641
16621
75903
86139
53159
36693
43319
25083
49627
26283
98791
71726
10082
85459
20541
7210
7106
57416
8238
11
99363
73578
64726
57443
90378
94238
85144
89772
42680
93579
61938
12746
7803
86477
7554
2993
78130
53263
42855
31592
72816
498
30240
15266
55690
35774
64445
96593
25946
17864
24920
12830
45505
80051
64586
64417
75331
20117
842
50377
52142
59406
80404
16790
3155
41780
36197
86199
50109
5660
44191
66802
63432
44203
66090
88341
90879
77635
406
6643
44245
59787
87597
50913
41261
27759
31818
21042
55718
27758
53256
92267
71457
73976
410
70793
24914
1235
27235
2968
85255
88458
24449
17025
7796
13272
52824
16616
11680
96920
10059
85345
89226
72976
89030
17804
8778
3182
97186
96237
92185
28247
1053
95136
60147
78830
5675
38147
24063
77221
47207
45117
64576
54859
2131
67123
51158
85769
10434
78106
60504
37235
93940
40294
85374
91301
48150
42617
43322
73645
35092
58526
43469
83478
36145
76920
15895
1818
57698
45499
50363
66242
6453
98801
47906
21140
48443
72552
82205
79388
59350
2243
35016
98020
91427
83223
83958
92498
46200
74083
77965
23691
38119
10996
29851
49292
35283
37058
44873
56527
20913
1632
22110
37853
52337
29290
5
63551
62288
19317
5559
324
82655
20452
31996
5437
70148
93087
95498
88993
19838
36830
42057
94503
79491
16421
57151
43853
38408
45406
45932
60540
82293
94804
23835
60811
24917
1486
41310
72007
86467
61388
77256
99360
92636
16792
74450
59030
5551
38553
40794
85829
10704
83783
78175
76607
99752
68785
50975
19747
68012
2603
45324
7171
27187
59047
27201
36440
91509
86178
87840
60121
46649
94372
99522
52814
78722
47167
89219
98609
3400
46137
79823
30751
79025
48016
45908
23397
89317
71580
4773
49767
86942
61080
81490
49094
14370
28474
80397
50222
63575
16722
91300
90652
61826
20323
78825
91650
11548
64485
57039
76784
86022
10875
50842
87005
35356
57110
5765
73044
37376
79697
47129
86126
63208
49536
39195
56995
3422
28828
72245
90416
81088
81537
67725
66975
75278
79673
20475
88637
24532
18842
65645
2935
55254
34605
13757
90131
3926
92810
60065
11042
21528
84468
92386
82776
2771
56095
27019
6941
44198
37078
22130
48852
76112
91692
39964
79750
44296
75270
49581
7903
75658
25448
66466
62528
80374
2500
22361
86136
40438
72759
74954
39804
80914
44495
74661
47516
47396
7671
94543
78790
26949
94067
9380
65564
75197
64528
74644
72748
54912
8028
83182
65512
92342
50990
47484
43036
95592
51136
21148
44802
6288
61297
34755
56544
25663
29592
19189
50423
27074
34805
77089
95218
71027
93097
33842
52369
64700
9633
50731
53245
90337
96455
76802
2672
96872
54051
62246
81791
39065
36946
45114
92252
53284
96908
82450
39181
73461
65631
71682
52355
8226
55173
38814
71694
87368
31438
73888
70374
47614
92781
85495
23782
71686
14527
25273
61620
98844
46675
31383
17669
35364
91467
6252
90611
26196
24070
80913
25187
13495
1011
54071
9879
57467
3043
32529
52420
93
15891
32546
70704
12942
58537
68037
25113
32930
93492
37117
51387
11740
90927
95087
91087
76788
83668
82042
39488
85789
80614
3973
97642
83725
49114
49211
84352
40863
62320
30997
66320
24360
38227
32289
65205
29946
11932
43771
35773
64950
92942
21290
8098
97062
50465
47486
13016
78537
8871
23464
81180
51172
65867
987
48442
78849
49360
84943
6164
56152
43263
70193
52580
1981
92073
5516
43584
34824
77335
20320
53893
80098
16339
95196
4581
3569
51058
47873
95674
8866
29250
22664
77135
58246
45728
27664
70326
58619
36211
38831
89123
1761
49715
34615
2777
58772
60212
86921
30565
99733
38312
43881
83011
21424
21459
4571
72765
73518
73352
4029
22530
67223
97992
56566
1966
26247
45147
52911
7147
85302
78765
6709
25238
2688
77891
34307
51352
11206
42467
18901
17146
64593
80487
26744
29639
45426
30338
8552
23523
83532
59293
1710
45099
10748
83136
82257
28959
13050
37247
15874
26420
27254
41495
28234
564
6732
87216
68945
88924
22032
746
47223
89704
16233
14981
90331
77107
80109
64277
11377
16193
66011
71582
12236
93268
71451
97091
74514
15828
63022
31165
76698
12089
65331
48064
84296
88726
86731
4540
55171
58657
48540
2433
59465
73254
81426
97082
8963
87423
31607
78347
17054
46900
39085
42412
99071
26780
39455
87895
59998
32164
34256
24140
54500
13624
32866
88164
92710
42851
54481
52564
69533
26523
99152
16371
83358
38601
75060
94750
78181
98026
43175
25697
28760
17559
68676
99135
99571
94845
45316
41803
54114
66491
49674
69375
24565
90796
7004
60334
50900
97642
59314
81431
99673
65084
34222
40418
22886
91506
58608
25004
35144
93957
81121
61402
48243
62046
91486
752
20503
26566
6358
13123
20258
27567
32200
62049
93834
26335
82720
59781
87496
84554
57903
13255
59150
82766
19411
81786
89881
37845
49729
10632
86824
35254
69784
70898
84343
11513
63877
90343
20339
85430
39279
56030
95812
882
78609
1821
86793
64756
28146
97309
40453
82071
4068
35579
13077
25183
78486
33563
30278
60781
35679
16925
46294
84050
66009
88189
21518
7719
22553
64883
61008
41468
67389
96606
47846
33659
40990
93957
26732
39906
68662
53500
49799
15355
89618
13923
30884
15417
38120
49031
99235
63611
89592
47659
21101
45359
6434
64794
39117
42292
48069
1708
97132
84933
37928
7801
89826
59514
47637
8821
19275
19243
974
57242
34103
91294
84239
98547
94203
572
99149
62131
42021
21206
39033
85354
85343
61877
24932
27232
79487
50604
12292
95956
35761
27807
26704
14745
59870
56819
70684
65501
14960
65618
51841
26937
77909
35044
67320
10299
72753
57791
67610
25055
68680
23653
86387
4129
54489
4006
93073
63328
28185
54899
63267
78174
77378
24208
90495
70704
13251
73918
3359
60357
85773
9437
29504
17529
49365
9988
3419
71791
67225
1616
69773
60886
52226
10717
72986
8553
90455
19168
24371
18657
57494
16640
55333
37720
24161
35291
12267
15668
89465
87712
15680
8579
6546
30702
35231
19282
87322
86993
19801
14753
66402
67594
37916
55864
62162
38618
24948
5611
91556
36347
26218
35189
79528
46129
9473
45429
28382
7910
10610
79120
1836
78709
70777
4592
64393
52666
16564
8347
80312
63340
98284
4811
10669
26844
318
79387
36891
39339
30237
7452
37518
6663
12536
7766
6900
80664
40159
56429
78002
3283
62886
59427
45541
32051
23201
46568
86140
2104
79412
96263
43153
21355
56645
84034
37525
71418
17620
4434
78083
72652
44268
64235
71470
17058
58254
18772
46159
3782
77875
89679
38854
22481
51388
18805
27336
50228
74893
51896
99807
34586
48827
44253
75219
19335
98193
47521
16513
82898
66289
93435
86992
43572
16778
19218
55885
20441
96987
60403
35214
31317
91031
25816
18645
54628
82912
28
90984
90535
11520
99095
44872
94673
531
70167
71305
30125
56520
81645
55910
70783
93963
65545
77812
29440
3048
4512
83764
4863
82997
77246
70739
96629
86206
86549
12481
56247
60319
23601
89825
37954
46982
90204
61157
31345
44347
67525
97811
65090
62805
29349
41473
32081
47532
89512
73156
25765
4276
84092
34612
96021
86555
485
78881
85857
18824
5806
24994
55847
14605
48204
10706
20395
356
97943
48552
64134
52184
7464
73039
12019
62338
66778
31500
72166
82227
40432
71575
62713
27964
802
68634
40874
65200
21275
73610
41142
48476
67192
7291
87198
18644
90955
67825
81530
86237
28263
65151
26133
54142
23472
84179
81969
27420
59913
97259
38198
66958
96954
91034
48699
47618
5087
16833
67245
84440
54088
40980
85677
41900
80044
85076
72288
82772
75457
76651
17591
58999
34986
66839
96667
45413
70594
31535
69929
64653
57518
78808
58050
57225
15979
45578
17876
79019
33993
90156
59268
66666
69303
46878
92993
52416
49588
16993
58929
91016
99356
24065
54306
48237
39824
19690
63737
976
94340
87391
23253
20921
7696
22357
6411
28523
79252
69541
15453
33671
70566
37462
80133
97570
68821
83406
63605
62619
54668
91672
84558
60460
44414
76597
65941
48468
62173
28175
60181
94849
23393
43244
95025
89626
3433
55955
25935
17156
73161
44780
81112
78533
10610
77312
44914
26785
43280
90818
9008
40871
50044
13794
5547
96933
53899
77523
10194
67593
6936
56103
35246
52609
17922
72120
56965
37119
28639
57800
8165
38683
70273
24781
74940
38854
69419
60562
19074
87929
16811
30068
76950
31237
76993
14792
83161
44731
25261
91986
75653
28510
83474
41621
73360
23046
66415
75577
1332
22774
23819
24510
92477
76633
82634
37735
22706
19019
41499
87928
92925
83255
39037
29335
98792
53549
70311
68550
65076
83921
24223
43403
52036
51104
62368
63373
77401
64648
60419
38779
32659
13095
79939
83563
50856
47398
23924
97464
51216
77217
6029
1109
56255
98793
63244
89015
8422
98069
60556
82929
79656
18029
61850
4651
25940
48106
5798
93047
90967
20960
25625
35553
1232
61382
60798
69612
32573
14085
45207
27160
30722
90816
90136
70697
84672
49203
58795
855
87015
89112
14126
7225
30912
13661
85170
35303
43967
40351
27620
38711
70997
37864
48784
27907
28624
98181
3391
34988
31130
9860
82015
17432
3565
84795
71815
91759
55870
39200
71622
17484
58396
32255
77112
62802
13964
47822
57870
2115
17649
23967
29156
91245
69193
72670
84922
40985
10260
56975
89803
1404
64274
34902
79947
32999
54309
57142
56703
83355
2594
72416
93610
86539
32916
28141
30645
63407
37817
99792
64687
85077
52695
89213
42181
84158
22778
50625
84514
56016
3892
18967
98241
97641
55283
54048
71629
55783
26651
47194
49600
46888
43328
90613
74136
24187
58470
68884
95299
14178
72945
35773
6217
87249
47015
33623
44556
11593
77483
94761
78167
13688
65277
18421
72693
95742
81467
6538
10035
20961
96584
86764
24868
98
52730
61982
9566
33603
89125
3837
64465
84204
60032
86072
5530
32395
39153
69983
2906
55953
14554
20105
32982
67754
94101
67940
52816
57113
44874
9194
96001
35955
40159
18335
57968
64132
27898
22839
3465
70041
36771
4462
88600
871
13410
76341
38548
94897
46217
12125
74605
20741
8891
28004
93716
25922
95503
69430
91526
23485
43557
26261
61441
9677
11516
20507
44871
4060
34789
83105
23187
9054
47038
30876
53440
78610
31574
57753
95047
29948
82129
97809
26651
89479
1959
11815
41992
63146
77945
33845
78282
13385
47851
23113
40936
50552
64053
56641
66476
4534
36074
70741
10393
47924
69952
26005
37318
47727
37581
92530
49302
15452
55185
2837
43054
77477
76216
10332
72858
88686
60017
28464
8642
76290
6667
94895
29293
35723
97055
86119
41123
7504
47806
14495
83631
61921
78224
79609
92591
23145
96043
34281
18266
60401
59930
92114
25880
55786
41560
49239
56873
70026
42025
60606
85291
52287
64811
58430
42257
14050
13424
74102
23751
38196
74948
12032
82828
2230
18883
90639
61114
90953
34360
34633
33175
23304
13090
44432
89071
68563
90138
72250
73984
96492
11370
46883
41408
6492
69009
69588
9062
30392
7183
86728
33439
14742
32677
29059
22132
34549
53887
31437
4926
15066
64940
23957
76120
94936
45728
16938
53036
43965
38933
24286
27260
32768
76683
27676
7528
43636
67745
18596
6952
43182
66365
85053
89394
22868
57614
82887
19008
86024
15053
67720
33551
41663
32652
74162
56415
8824
6042
51531
29713
62727
78608
4264
72994
23845
85629
94746
20879
5917
93737
13922
18255
59474
74929
15863
37364
50192
8779
13709
39927
11071
58000
67207
87139
10795
58112
22222
67934
9789
54793
95833
2582
57672
61190
8612
23435
11671
28347
35400
98200
13622
4406
39465
56940
17446
54389
15701
4560
4331
57319
40836
40461
37167
96055
47994
66493
53111
93292
12771
66153
10657
2729
76510
34845
15815
51497
92090
99681
28537
75430
95437
13050
67825
7265
83907
56880
59912
50319
85412
23574
28181
36208
96797
42097
11648
23008
4243
11177
54555
42287
58558
28217
10224
59737
37992
14790
46726
94365
48761
20281
91015
59147
78908
68044
82595
69316
31653
87409
5222
5308
71210
17459
52117
66052
87763
98859
20715
49985
17488
14641
55546
56847
54547
16365
4416
45256
30978
22660
10156
91091
52022
2355
37846
38311
13508
5834
27380
83072
77049
53865
56491
82343
17630
82753
21614
74521
13046
67720
20220
78191
93458
85635
51652
37106
34343
11282
15050
96062
83872
14895
37565
43908
78115
52322
69927
54198
84320
43724
29970
84571
43398
52346
65483
75280
37146
34422
2878
6130
78252
56565
72524
54194
57064
38891
41784
5271
77752
28916
11175
73307
20809
83984
42809
36584
73739
81226
68183
54770
37140
36760
45077
64337
38667
47883
17186
77558
57701
594
95967
54377
9267
62509
17824
97986
75485
3822
42893
23295
39419
95168
83049
23888
72854
76127
91890
82009
53853
5295
36655
5384
75619
30797
69992
25503
47361
23188
21238
61484
78283
67875
50517
24199
76140
28267
18078
53833
69522
43127
43596
37497
21556
52804
3911
65277
59539
10726
65137
67361
98926
66936
98614
49329
20521
63867
92115
14884
93609
99526
23866
768
9931
23639
12821
67654
93936
70880
94249
23957
132
58706
96753
44812
9583
55446
72317
86608
73767
94986
42248
82924
55982
78716
42983
94524
29908
41805
92660
2934
29383
62074
2851
40892
81290
63064
1703
86082
97779
2553
27711
875
96605
9542
17267
75021
32138
49857
53875
46172
56136
68540
48999
64980
74560
55717
60429
14764
25043
3730
69258
46851
16065
97842
9060
58183
8266
29790
45870
81602
65397
68463
65030
88173
34400
62789
42920
86808
54470
26481
73955
70317
27537
99998
76960
8995
52769
58856
163
61268
89829
68305
76341
17682
70208
63584
75938
60350
7549
9038
7836
98285
95803
58314
90611
54074
37251
11143
80733
64899
8852
96634
78708
91137
86120
85447
77816
67237
74523
99679
24917
30905
88032
57785
18513
83405
486
99121
6258
18669
266
20567
63782
93414
36379
49713
30151
25428
69607
85985
66020
85410
93125
9463
36475
58067
7559
94758
14054
63539
37558
5900
6615
38136
72751
13814
7168
59774
69497
57080
69191
48098
31681
14881
49004
75135
28994
85571
2371
10222
39787
22967
88912
22962
52646
5266
60827
5246
5426
60685
77840
7129
18850
96540
43443
65397
77264
64239
13270
79698
56377
87766
71666
8881
5901
91720
57247
15431
8562
37423
48956
76623
25387
81376
78528
41001
21780
29179
16074
14177
10417
96752
39512
95343
61175
26214
41110
34275
61260
37802
38448
22066
3074
79268
83777
79380
86549
2165
99293
41218
57152
14987
22573
59220
54104
38532
19503
88899
58225
59851
73749
95044
91163
41905
17153
92539
64052
2132
54796
25211
976
83608
49163
47185
39541
9968
79084
40816
28302
55877
86921
33158
59488
58184
68841
60172
41874
11545
3726
60952
10103
25975
42144
89432
91305
6846
21623
35787
78733
12981
29064
51117
19174
7469
30690
14872
85544
67667
37495
2114
40276
75456
86172
61770
27064
90444
59969
48952
78101
76702
46449
54542
41386
22353
87996
49508
28360
46761
37339
22884
49907
75751
30174
97614
55393
14889
31653
37269
36955
8936
12446
68729
19297
93736
38371
56340
16434
59738
98545
6714
10789
64961
44824
67830
88528
96417
19489
2877
67966
74255
5526
57855
52563
16929
56882
46830
32451
66725
21083
73218
70546
59235
10810
18504
95178
93721
49371
53766
36350
85934
65721
19093
8967
38370
57916
11037
18883
1162
40372
80183
29204
36819
12535
91394
28952
45015
3610
47638
56739
88612
51812
62472
43668
40978
8081
33015
41506
433
59596
11076
7051
90754
72302
63801
70115
75790
17962
10538
82674
25062
88364
56404
47154
20219
83391
45571
3178
90160
79722
22285
79401
74472
67068
80953
14696
70133
59663
69841
62401
32082
28667
4128
81106
97496
57155
15769
29516
78226
7643
77412
55415
36279
62789
51051
29124
29151
80184
73164
41366
50936
77865
5250
37337
49795
38287
4706
77041
21692
65730
89841
35854
48576
84775
20123
3043
2423
53779
7159
95625
88811
43211
19761
93983
51140
52051
54436
1757
1809
3876
69731
73356
65805
7105
89609
69480
98486
1916
83983
67752
34457
90567
21134
80886
4437
97570
19202
45326
3988
10627
29577
96076
18369
26237
68295
4218
93367
92386
75760
38314
48417
22762
83391
53172
4580
41036
84649
1964
11216
23353
88107
92622
79129
22688
64442
41040
7330
35612
86975
50752
23357
40014
45748
99389
39984
19456
13618
32488
5853
54511
24678
27615
76417
66691
72757
93847
39776
28121
77703
71195
44460
71444
97887
55402
53635
26570
15850
86929
68916
81906
33327
56537
74025
52341
91960
56431
87932
16863
59967
79648
56096
39280
50359
76952
3575
5896
89909
3114
49541
91425
14461
32718
66553
38996
92696
35499
84947
22126
64630
17684
35782
60282
90597
85805
66663
4965
34913
32013
40920
54329
53871
98065
90642
59040
52844
7169
11292
33371
75585
79388
63585
31443
58895
47044
53754
51764
18052
26002
39667
38303
22517
16936
69851
98919
70894
5778
74772
23860
52321
58108
13232
35500
66881
40602
28708
48382
57122
70669
35848
58913
45542
15673
49235
68619
67764
32310
29085
46507
46403
63308
61032
98325
31708
8279
60099
43608
81806
95846
87145
48025
7894
40851
95839
56734
50897
50707
94402
92645
58808
53345
4158
29141
23745
14836
32229
35099
1266
70256
81203
37386
54933
89461
21754
30910
34270
20169
85374
83915
72410
76562
62718
60196
44324
33569
13154
6584
14229
15114
93155
78590
50778
10431
86584
84491
31796
17850
64665
44199
55822
47830
77818
77824
88605
42954
31360
96860
74799
71823
23634
28899
3474
16681
49875
43315
85204
80211
80228
51980
85902
32141
67375
39612
55751
20626
64079
91383
74200
98016
24622
4550
22413
826
9183
24898
66425
77587
19079
61339
11455
59549
22393
42300
649
17772
42490
78407
13156
71955
14516
11904
55599
94906
98295
75154
84090
19555
57493
52519
62153
18137
62150
57819
57958
28478
43623
3377
30607
62869
7521
73439
86213
43012
54256
24071
343
33603
32849
57950
94423
55734
96345
40396
54273
84226
30640
87912
91170
80751
20036
27448
91828
7315
56712
97083
5754
2898
28333
83559
64550
47415
12607
46322
26888
59511
9785
57623
86765
57432
99903
77966
98431
4466
49667
76428
80949
33657
95893
76959
17391
80898
17629
35875
70615
67561
11292
21813
93395
65165
10943
64738
90306
19668
13253
83327
36834
20440
55397
39934
56713
8442
84091
11386
28161
90346
2597
5192
69731
30439
89072
57877
49188
76668
82630
72828
18754
85362
14668
92365
12104
61057
99967
22812
97162
64310
23595
78482
73042
20154
81206
94535
79014
59108
88642
58162
55717
31664
38454
58570
17711
95977
17616
82183
20523
69393
89267
73807
52107
37812
92959
32984
60052
4732
86186
52853
95220
86978
1932
9131
83014
36599
99115
81606
98982
71214
45501
23860
39027
68615
95286
65083
17708
96529
4440
24193
21233
79736
88731
28962
45239
9996
36071
77920
35307
8583
22349
4434
48032
53536
23098
57394
1784
89493
20863
10092
26831
22731
54029
34187
91635
44234
68626
62624
69956
93701
1868
99610
83681
13786
83978
45529
75440
51503
55568
85964
32920
88973
56277
42432
81425
8166
73086
66298
459
14542
80826
70013
95239
56474
1719
24299
89660
33965
63772
36109
72670
79141
44221
18320
59709
83940
82064
83284
22881
54622
35983
69291
38742
90617
48178
28699
67733
41382
73295
19537
23053
93939
32598
13122
42778
9852
73495
45125
74063
43397
39724
64211
13142
61489
33793
17741
76368
8678
99357
20964
54931
35948
60199
24595
8272
19280
32812
100
